function [Me_T3,Me_T3_lump]=Me_T3_analytique(n1x,n2x,n3x,n1y,n2y,n3y,rho,e)

Me_T3(1,1) = rho*e*(-1/12*n1x*n3y-1/12*n2x*n1y+1/12*n2x*n3y+1/12*n1y*n3x+1/12*n2y*n1x-1/12*n2y*n3x);
Me_T3(1,2) = 0;
Me_T3(1,3) = rho*e*(-1/24*n1x*n3y-1/24*n2x*n1y+1/24*n2x*n3y+1/24*n1y*n3x+1/24*n2y*n1x-1/24*n2y*n3x);
Me_T3(1,4) = 0;
Me_T3(1,5) = rho*e*(-1/24*n1x*n3y-1/24*n2x*n1y+1/24*n2x*n3y+1/24*n1y*n3x+1/24*n2y*n1x-1/24*n2y*n3x);
Me_T3(1,6) = 0;
Me_T3(2,1) = 0;
Me_T3(2,2) = rho*e*(-1/12*n1x*n3y-1/12*n2x*n1y+1/12*n2x*n3y+1/12*n1y*n3x+1/12*n2y*n1x-1/12*n2y*n3x);
Me_T3(2,3) = 0;
Me_T3(2,4) = rho*e*(-1/24*n1x*n3y-1/24*n2x*n1y+1/24*n2x*n3y+1/24*n1y*n3x+1/24*n2y*n1x-1/24*n2y*n3x);
Me_T3(2,5) = 0;
Me_T3(2,6) = rho*e*(-1/24*n1x*n3y-1/24*n2x*n1y+1/24*n2x*n3y+1/24*n1y*n3x+1/24*n2y*n1x-1/24*n2y*n3x);
Me_T3(3,1) = rho*e*(-1/24*n1x*n3y-1/24*n2x*n1y+1/24*n2x*n3y+1/24*n1y*n3x+1/24*n2y*n1x-1/24*n2y*n3x);
Me_T3(3,2) = 0;
Me_T3(3,3) = rho*e*(-1/12*n1x*n3y-1/12*n2x*n1y+1/12*n2x*n3y+1/12*n1y*n3x+1/12*n2y*n1x-1/12*n2y*n3x);
Me_T3(3,4) = 0;
Me_T3(3,5) = rho*e*(-1/24*n1x*n3y-1/24*n2x*n1y+1/24*n2x*n3y+1/24*n1y*n3x+1/24*n2y*n1x-1/24*n2y*n3x);
Me_T3(3,6) = 0;
Me_T3(4,1) = 0;
Me_T3(4,2) = rho*e*(-1/24*n1x*n3y-1/24*n2x*n1y+1/24*n2x*n3y+1/24*n1y*n3x+1/24*n2y*n1x-1/24*n2y*n3x);
Me_T3(4,3) = 0;
Me_T3(4,4) = rho*e*(-1/12*n1x*n3y-1/12*n2x*n1y+1/12*n2x*n3y+1/12*n1y*n3x+1/12*n2y*n1x-1/12*n2y*n3x);
Me_T3(4,5) = 0;
Me_T3(4,6) = rho*e*(-1/24*n1x*n3y-1/24*n2x*n1y+1/24*n2x*n3y+1/24*n1y*n3x+1/24*n2y*n1x-1/24*n2y*n3x);
Me_T3(5,1) = rho*e*(-1/24*n1x*n3y-1/24*n2x*n1y+1/24*n2x*n3y+1/24*n1y*n3x+1/24*n2y*n1x-1/24*n2y*n3x);
Me_T3(5,2) = 0;
Me_T3(5,3) = rho*e*(-1/24*n1x*n3y-1/24*n2x*n1y+1/24*n2x*n3y+1/24*n1y*n3x+1/24*n2y*n1x-1/24*n2y*n3x);
Me_T3(5,4) = 0;
Me_T3(5,5) = rho*e*(-1/12*n1x*n3y-1/12*n2x*n1y+1/12*n2x*n3y+1/12*n1y*n3x+1/12*n2y*n1x-1/12*n2y*n3x);
Me_T3(5,6) = 0;
Me_T3(6,1) = 0;
Me_T3(6,2) = rho*e*(-1/24*n1x*n3y-1/24*n2x*n1y+1/24*n2x*n3y+1/24*n1y*n3x+1/24*n2y*n1x-1/24*n2y*n3x);
Me_T3(6,3) = 0;
Me_T3(6,4) = rho*e*(-1/24*n1x*n3y-1/24*n2x*n1y+1/24*n2x*n3y+1/24*n1y*n3x+1/24*n2y*n1x-1/24*n2y*n3x);
Me_T3(6,5) = 0;
Me_T3(6,6) = rho*e*(-1/12*n1x*n3y-1/12*n2x*n1y+1/12*n2x*n3y+1/12*n1y*n3x+1/12*n2y*n1x-1/12*n2y*n3x);

Me_T3_lump = zeros(6,6);
Me_T3_lump(1,1) = Me_T3(1,1)+Me_T3(1,2)+Me_T3(1,3)+Me_T3(1,4)+Me_T3(1,5)+Me_T3(1,6);
Me_T3_lump(2,2) = Me_T3(2,1)+Me_T3(2,2)+Me_T3(2,3)+Me_T3(2,4)+Me_T3(2,5)+Me_T3(2,6);
Me_T3_lump(3,3) = Me_T3(3,1)+Me_T3(3,2)+Me_T3(3,3)+Me_T3(3,4)+Me_T3(3,5)+Me_T3(3,6);
Me_T3_lump(4,4) = Me_T3(4,1)+Me_T3(4,2)+Me_T3(4,3)+Me_T3(4,4)+Me_T3(4,5)+Me_T3(4,6);
Me_T3_lump(5,5) = Me_T3(5,1)+Me_T3(5,2)+Me_T3(5,3)+Me_T3(5,4)+Me_T3(5,5)+Me_T3(5,6);
Me_T3_lump(6,6) = Me_T3(6,1)+Me_T3(6,2)+Me_T3(6,3)+Me_T3(6,4)+Me_T3(6,5)+Me_T3(6,6);
